[[ 0  0 20  0]
 [ 0  0  0 15]
 [10 13  0  0]
 [17  0  0  0]]
0.8666666666666667

[[ 0  0  0 20]
 [ 0 15  0  0]
 [23  0  0  0]
 [17  0  0  0]]
0.7733333333333333

[[ 0 13  7  0]
 [ 0  0  0 15]
 [23  0  0  0]
 [17  0  0  0]]
0.7733333333333333

[[ 0 17  0  3]
 [ 5  0 10  0]
 [ 0  0  0 23]
 [ 0  0  0 17]]
0.7333333333333333

[[ 0  5  0 15]
 [ 0  0  0 15]
 [20  3  0  0]
 [ 0  4 13  0]]
0.7066666666666667

[[ 0  0 16  4]
 [ 0 13  2  0]
 [ 0  0 23  0]
 [ 0  1 16  0]]
0.5333333333333333

[[ 0 19  0  1]
 [ 0  0  0 15]
 [ 0 23  0  0]
 [11  2  4  0]]
0.7066666666666667

[[ 0  0  0 20]
 [ 0  4 11  0]
 [ 0  0  0 23]
 [14  0  0  3]]
0.6933333333333334

[[ 0  0  0 20]
 [15  0  0  0]
 [ 0  0 20  3]
 [ 1  0 15  1]]
0.7333333333333333

[[ 0  0  0 20]
 [ 0 15  0  0]
 [ 0  0  0 23]
 [14  0  0  3]]
0.6933333333333334