70.0
67.0
57.0
64.0
74.0
65.0
56.0
59.0
60.0
63.0
59.0
53.0
44.0
61.0
57.0
71.0
46.0
53.0
64.0
40.0
67.0
48.0
43.0
47.0
54.0
48.0
46.0
51.0
58.0
71.0
57.0
66.0
37.0
59.0
50.0
48.0
61.0
59.0
42.0
48.0
40.0
62.0
44.0
46.0
59.0
58.0
49.0
44.0
66.0
65.0
42.0
52.0
65.0
63.0
45.0
41.0
61.0
60.0
59.0
62.0
57.0
51.0
44.0
60.0
63.0
57.0
51.0
58.0
44.0
47.0
61.0
57.0
70.0
76.0
67.0
45.0
45.0
39.0
42.0
56.0
58.0
35.0
58.0
41.0
57.0
42.0
62.0
59.0
41.0
50.0
59.0
61.0
54.0
54.0
52.0
47.0
66.0
58.0
64.0
50.0
44.0
67.0
49.0
57.0
63.0
48.0
51.0
60.0
59.0
45.0
55.0
41.0
60.0
54.0
42.0
49.0
46.0
56.0
66.0
56.0
49.0
54.0
57.0
65.0
54.0
54.0
62.0
52.0
52.0
60.0
63.0
66.0
42.0
64.0
54.0
46.0
67.0
56.0
34.0
57.0
64.0
59.0
50.0
51.0
54.0
53.0
52.0
40.0
58.0
41.0
41.0
50.0
54.0
64.0
51.0
46.0
55.0
45.0
56.0
66.0
38.0
62.0
55.0
58.0
43.0
64.0
50.0
53.0
45.0
65.0
69.0
69.0
67.0
68.0
34.0
62.0
51.0
46.0
67.0
50.0
42.0
56.0
41.0
42.0
53.0
43.0
56.0
52.0
62.0
70.0
54.0
70.0
54.0
35.0
48.0
55.0
58.0
54.0
69.0
77.0
68.0
58.0
60.0
51.0
55.0
52.0
60.0
58.0
64.0
37.0
59.0
51.0
43.0
58.0
29.0
41.0
63.0
51.0
54.0
44.0
54.0
65.0
57.0
63.0
35.0
41.0
62.0
43.0
58.0
52.0
61.0
39.0
45.0
52.0
62.0
62.0
53.0
43.0
47.0
52.0
68.0
39.0
53.0
62.0
51.0
60.0
65.0
65.0
60.0
60.0
54.0
44.0
44.0
51.0
59.0
71.0
61.0
55.0
64.0
43.0
58.0
60.0
58.0
49.0
48.0
52.0
44.0
56.0
57.0
67.0